0.01326 4
0.004087 0
0.019541 3
0.02297 3
0.037365 3
0.011282 1
0.046982 3
0.039051 2
0.047274 4
0.050689 0
0.069434 0
0.092076 4
0.071127 2
0.067638 1
0.083414 0
0.111062 1
0.096472 1
0.172489 0
0.108981 1
0.1822 4
0.191 3
0.271665 0
0.285633 3
0.301753 0
0.337739 2
0.539794 3
0.404188 0
0.509532 1
0.775654 3
0.794919 3
0.00999 3
0.004129 0
0.002171 1
0.005407 1
0.011141 1
0.010132 0
0.03325 2
0.039919 4
0.060436 3
0.051201 3
0.070135 2
0.069168 4
0.075902 2
0.073825 0
0.084256 0
0.145394 4
0.100325 0
0.174231 4
0.128565 1
0.192879 4
0.137325 1
0.27441 2
0.22347 2
0.304801 0
0.274995 1
0.321185 1
0.408271 1
0.52233 1
0.772785 3
0.79675 3
0.002045 2
0.00417 3
0.001766 0
0.008734 3
0.018674 4
0.010234 1
0.022226 2
0.023711 4
0.047097 3
0.041162 4
0.055657 4
0.065448 4
0.088885 3
0.07457 4
0.085107 4
0.096251 4
0.101338 0
0.139444 4
0.139648 3
0.202834 2
0.141396 0
0.299578 1
0.337385 1
0.30788 3
0.190721 0
0.352557 0
0.50091 1
0.565447 2
0.569091 4
0.869996 2
0.005152 0
0.00323 3
0.002034 2
0.0038 2
0.002076 0
0.003696 1
0.012494 0
0.034672 2
0.026171 2
0.057645 3
0.038898 2
0.106508 3
0.066934 2
0.075092 1
0.121794 2
0.172686 3
0.152063 3
0.168307 3
0.181828 2
0.192726 3
0.308467 4
0.20068 1
0.371792 2
0.454101 3
0.40619 1
0.508329 2
0.462913 1
0.586731 4
0.766509 2
0.789763 3
0.005204 0
0.003182 3
0.002953 2
0.003446 3
0.002097 0
0.004801 0
0.01262 0
0.034966 3
0.024182 2
0.053641 3
0.033198 0
0.090474 4
0.048818 0
0.08188 0
0.090263 2
0.169392 3
0.173118 2
0.178035 3
0.228837 0
0.257191 0
0.210174 0
0.229099 3
0.331151 0
0.26624 2
0.49127 2
0.317488 0
0.583803 4
0.734614 3
0.582604 4
0.590537 0
0.005257 4
0.003573 3
0.006856 3
0.003352 4
0.002118 1
0.00485 3
0.012748 0
0.004613 0
0.015849 0
0.005312 1
0.033533 0
0.067393 4
0.049311 1
0.082707 3
0.076453 1
0.127518 0
0.116612 0
0.184082 4
0.231148 3
0.259789 3
0.212297 1
0.248264 0
0.334496 0
0.276203 1
0.391781 2
0.320694 0
0.676066 3
0.507161 1
0.652075 1
0.596502 4
0.0 0
0.000453 0
0.0 3
0.000393 2
0.005574 3
0.006976 2
0.012877 4
0.004659 3
0.016009 3
0.007224 0
0.033872 3
0.005739 0
0.079105 4
0.08324 2
0.106485 3
0.128806 4
0.11779 0
0.116348 2
0.269887 3
0.252527 3
0.190811 1
0.250772 3
0.337875 4
0.38524 3
0.411642 3
0.323934 1
0.43908 1
0.512821 1
0.769163 3
0.930037 2
0.0 2
0.000457 4
0.0 3
0.0 1
0.0 2
0.000786 3
0.0 1
0.013353 4
0.011149 2
0.007297 2
0.022074 0
0.005797 1
0.024527 0
0.09287 4
0.051948 0
0.119052 3
0.11898 2
0.120842 0
0.160445 0
0.138987 1
0.20268 1
0.29369 0
0.431627 3
0.370238 0
0.422041 3
0.33615 0
0.583127 4
0.579367 4
0.568373 0
0.900184 1
0.0 3
0.0 4
0.0 3
0.0 2
0.0 1
0.0 1
0.0 2
0.001524 1
0.0 4
0.001058 2
0.022297 4
0.013377 4
0.024775 2
0.033108 3
0.052473 3
0.035322 1
0.081385 2
0.122063 4
0.162066 3
0.202331 3
0.23828 1
0.296656 1
0.318856 1
0.373978 1
0.376717 2
0.339546 0
0.662547 3
0.58735 1
0.574114 4
0.789958 3
0.0 1
0.0 1
0.0 2
0.0 0
0.0 0
0.0 2
0.0 4
0.0 0
0.002539 4
0.0 3
0.004232 3
0.0 0
0.0 0
0.099099 3
0.050572 3
0.0 0
0.057965 3
0.196216 0
0.068441 2
0.126087 1
0.098498 0
0.301709 4
0.382004 0
0.406874 3
0.463875 4
0.541135 4
0.419199 1
0.564423 0
0.763691 2
0.593464 4
0.0 4
0.0 2
0.0 4
0.0 3
0.0 2
0.0 3
0.0 0
0.0 0
0.0 0
0.0 3
0.0 4
0.0 4
0.0 2
0.0 2
0.008464 4
0.0 1
0.003813 3
0.198198 3
0.093472 3
0.06399 1
0.099493 2
0.23217 2
0.385863 3
0.404266 2
0.407422 3
0.476253 4
0.578633 4
0.570124 2
0.574016 1
0.869289 2
0.0 0
0.0 3
0.0 0
0.0 2
0.0 4
0.0 3
0.0 2
0.0 1
0.0 2
0.0 1
0.0 4
0.0 1
0.0 0
0.0 0
0.0 0
0.0 0
0.0 0
0.0 1
0.033858 0
0.022219 3
0.0 1
0.359735 4
0.16465 1
0.320445 2
0.47015 4
0.542829 0
0.572653 0
0.715764 2
0.581934 0
0.596445 4
0.0 4
0.0 4
0.0 1
0.0 1
0.0 4
0.0 1
0.0 1
0.0 3
0.0 1
0.0 3
0.0 3
0.0 1
0.0 1
0.0 1
0.0 0
0.0 3
0.0 0
0.0 4
0.0342 1
0.148125 4
0.0 0
0.246875 3
0.183125 2
0.0 1
0.463938 4
0.548312 4
0.578438 4
0.701044 0
0.587812 0
0.9289 2
0.0 0
0.0 3
0.0 3
0.0 4
0.0 1
0.0 4
0.0 3
0.0 3
0.0 3
0.0 4
0.0 2
0.0 1
0.0 2
0.0 2
0.0 1
0.0 3
0.0 3
0.0 4
0.09 4
0.0 2
0.0 1
0.0 1
0.0 0
0.0 0
0.31 2
0.49375 4
0.56875 3
0.708125 3
0.59375 2
0.8945 1
0.0 0
0.0 4
0.0 1
0.0 4
0.0 4
0.0 2
0.0 0
0.0 0
0.0 3
0.0 1
0.0 1
0.0 0
0.0 4
0.0 3
0.0 3
0.0 4
0.0 3
0.0 4
0.0 3
0.0 0
0.0 3
0.0 3
0.0 1
0.0 3
0.3 4
0.0 0
0.5 3
0.0 0
0.0 0
0.775 3
0.002516 5
0.001327 5
0.003436 5
0.007155 5
0.005728 5
0.016542 5
0.019615 5
0.032243 5
0.0274 5
0.039484 5
0.038779 5
0.049154 5
0.044438 5
0.052324 5
0.079264 5
0.066377 5
0.100219 5
0.08468 5
0.117048 5
0.089076 5
0.171915 5
0.150839 5
0.191658 5
0.164049 5
0.210223 5
0.271008 5
0.319268 5
0.420899 5
0.493185 5
0.610007 5
0.00258 5
0.001368 5
0.003755 5
0.00794 5
0.005143 5
0.010863 5
0.012387 5
0.025547 5
0.021866 5
0.035156 5
0.034243 5
0.055174 5
0.044676 5
0.055273 5
0.065975 5
0.076681 5
0.093021 5
0.097248 5
0.119249 5
0.10021 5
0.184031 5
0.178766 5
0.206286 5
0.162469 5
0.239409 5
0.314417 5
0.329051 5
0.349613 5
0.518411 5
0.626685 5
0.002709 5
0.00188 5
0.001279 5
0.0025 5
0.00348 5
0.006742 5
0.009321 5
0.021028 5
0.017146 5
0.038092 5
0.025867 5
0.058247 5
0.044566 5
0.062287 5
0.079682 5
0.103143 5
0.108612 5
0.11968 5
0.115164 5
0.125831 5
0.191172 5
0.139325 5
0.242215 5
0.242531 5
0.285866 5
0.337536 5
0.312021 5
0.363209 5
0.512434 5
0.671161 5
0.001729 5
0.002072 5
0.001784 5
0.001378 5
0.002866 5
0.007204 5
0.014282 5
0.012362 5
0.021403 5
0.019553 5
0.043933 5
0.030081 5
0.048816 5
0.051907 5
0.091008 5
0.090693 5
0.102362 5
0.137569 5
0.150839 5
0.125276 5
0.142824 5
0.201324 5
0.170854 5
0.274116 5
0.192647 5
0.356119 5
0.391767 5
0.369144 5
0.381827 5
0.599982 5
0.001428 5
0.002571 5
0.001312 5
0.001578 5
0.002841 5
0.006591 5
0.003119 5
0.008783 5
0.003432 5
0.018943 5
0.026681 5
0.031399 5
0.048297 5
0.048156 5
0.073295 5
0.068729 5
0.09493 5
0.138013 5
0.145047 5
0.123897 5
0.151765 5
0.205713 5
0.18937 5
0.239705 5
0.196238 5
0.365846 5
0.310097 5
0.40178 5
0.427667 5
0.599952 5
0.000234 5
0.0 5
0.000147 5
0.00209 5
0.002727 5
0.004829 5
0.003705 5
0.007571 5
0.003841 5
0.016982 5
0.003757 5
0.03442 5
0.046084 5
0.051964 5
0.067935 5
0.066664 5
0.069065 5
0.136888 5
0.127004 5
0.118095 5
0.156442 5
0.214071 5
0.228783 5
0.247433 5
0.202608 5
0.299524 5
0.319765 5
0.419338 5
0.543945 5
0.599871 5
0.000171 5
0.0 5
0.0 5
0.0 5
0.000295 5
0.0 5
0.005222 5
0.004181 5
0.003019 5
0.011413 5
0.004278 5
0.012682 5
0.03965 5
0.032085 5
0.052354 5
0.059982 5
0.067826 5
0.095147 5
0.08615 5
0.124108 5
0.166406 5
0.232981 5
0.224849 5
0.248181 5
0.216354 5
0.35965 5
0.339886 5
0.349072 5
0.520482 5
0.599655 5
0.0 5
0.0 5
0.0 5
0.0 5
0.0 5
0.0 5
0.000571 5
0.0 5
0.000754 5
0.008361 5
0.005611 5
0.009291 5
0.012862 5
0.033613 5
0.020559 5
0.040971 5
0.060028 5
0.09328 5
0.090745 5
0.128274 5
0.15006 5
0.189654 5
0.229359 5
0.239774 5
0.240793 5
0.37594 5
0.326995 5
0.362485 5
0.487769 5
0.599081 5
0.0 5
0.0 5
0.0 5
0.0 5
0.0 5
0.0 5
0.0 5
0.0 5
0.000952 5
0.0 5
0.001587 5
0.0 5
0.00119 5
0.037162 5
0.019501 5
0.027872 5
0.038011 5
0.086681 5
0.039657 5
0.103784 5
0.103503 5
0.186889 5
0.237646 5
0.262681 5
0.302569 5
0.339959 5
0.284636 5
0.392514 5
0.510758 5
0.597549 5
0.0 5
0.0 5
0.0 5
0.0 5
0.0 5
0.0 5
0.0 5
0.0 5
0.0 5
0.0 5
0.0 5
0.0 5
0.0 5
0.003174 5
0.0 5
0.00143 5
0.074324 5
0.043397 5
0.034932 5
0.03731 5
0.15067 5
0.177509 5
0.196663 5
0.251719 5
0.293609 5
0.342975 5
0.365423 5
0.33983 5
0.48228 5
0.598331 5
0.0 5
0.0 5
0.0 5
0.0 5
0.0 5
0.0 5
0.0 5
0.0 5
0.0 5
0.0 5
0.0 5
0.0 5
0.0 5
0.0 5
0.0 5
0.0 5
0.0 5
0.022252 5
0.029162 5
0.0 5
0.169617 5
0.087496 5
0.120167 5
0.263828 5
0.306705 5
0.335968 5
0.404338 5
0.332198 5
0.41679 5
0.595551 5
0.0 5
0.0 5
0.0 5
0.0 5
0.0 5
0.0 5
0.0 5
0.0 5
0.0 5
0.0 5
0.0 5
0.0 5
0.0 5
0.0 5
0.0 5
0.0 5
0.0 5
0.025481 5
0.055547 5
0.0 5
0.092578 5
0.068672 5
0.0 5
0.233391 5
0.275051 5
0.323262 5
0.362471 5
0.303926 5
0.514996 5
0.588135 5
0.0 5
0.0 5
0.0 5
0.0 5
0.0 5
0.0 5
0.0 5
0.0 5
0.0 5
0.0 5
0.0 5
0.0 5
0.0 5
0.0 5
0.0 5
0.0 5
0.0 5
0.03375 5
0.0 5
0.0 5
0.0 5
0.0 5
0.0 5
0.158438 5
0.185156 5
0.283594 5
0.265547 5
0.222656 5
0.444422 5
0.568359 5
0.0 5
0.0 5
0.0 5
0.0 5
0.0 5
0.0 5
0.0 5
0.0 5
0.0 5
0.0 5
0.0 5
0.0 5
0.0 5
0.0 5
0.0 5
0.0 5
0.0 5
0.0 5
0.0 5
0.0 5
0.0 5
0.0 5
0.0 5
0.1125 5
0.0 5
0.1875 5
0.0 5
0.0 5
0.290625 5
0.515625 5
0.0 5
0.0 5
0.0 5
0.0 5
0.0 5
0.0 5
0.0 5
0.0 5
0.0 5
0.0 5
0.0 5
0.0 5
0.0 5
0.0 5
0.0 5
0.0 5
0.0 5
0.0 5
0.0 5
0.0 5
0.0 5
0.0 5
0.0 5
0.0 5
0.0 5
0.0 5
0.0 5
0.0 5
0.0 5
0.375 5
0.0 5
0.0 5
