1530 6 0.01326
1529 0 0.004087
1528 4 0.019541
1527 4 0.02297
1526 4 0.037365
1525 1 0.011282
1524 4 0.046982
1523 2 0.039051
1522 6 0.047274
1521 0 0.050689
1520 0 0.069434
1519 6 0.092076
1518 2 0.071127
1517 1 0.067638
1516 0 0.083414
1515 1 0.111062
1514 1 0.096472
1513 0 0.172489
1512 1 0.108981
1511 6 0.1822
1510 4 0.191
1509 0 0.271665
1508 4 0.285633
1507 0 0.301753
1506 2 0.337739
1505 4 0.539794
1504 0 0.404188
1503 1 0.509532
1502 4 0.775654
1501 4 0.794919
1430 4 0.00999
1429 0 0.004129
1428 1 0.002171
1427 1 0.005407
1426 1 0.011141
1425 0 0.010132
1424 2 0.03325
1423 6 0.039919
1422 4 0.060436
1421 4 0.051201
1420 2 0.070135
1419 6 0.069168
1418 2 0.075902
1417 0 0.073825
1416 0 0.084256
1415 6 0.145394
1414 0 0.100325
1413 6 0.174231
1412 1 0.128565
1411 6 0.192879
1410 1 0.137325
1409 2 0.27441
1408 2 0.22347
1407 0 0.304801
1406 1 0.274995
1405 1 0.321185
1404 1 0.408271
1403 1 0.52233
1402 4 0.772785
1401 4 0.79675
1330 2 0.002045
1329 4 0.00417
1328 0 0.001766
1327 4 0.008734
1326 6 0.018674
1325 1 0.010234
1324 2 0.022226
1323 6 0.023711
1322 4 0.047097
1321 6 0.041162
1320 6 0.055657
1319 6 0.065448
1318 4 0.088885
1317 6 0.07457
1316 6 0.085107
1315 6 0.096251
1314 0 0.101338
1313 6 0.139444
1312 4 0.139648
1311 2 0.202834
1310 0 0.141396
1309 1 0.299578
1308 1 0.337385
1307 4 0.30788
1306 0 0.190721
1305 0 0.352557
1304 1 0.50091
1303 2 0.565447
1302 6 0.569091
1301 2 0.869996
1230 0 0.005152
1229 4 0.00323
1228 2 0.002034
1227 2 0.0038
1226 0 0.002076
1225 1 0.003696
1224 0 0.012494
1223 2 0.034672
1222 2 0.026171
1221 4 0.057645
1220 2 0.038898
1219 4 0.106508
1218 2 0.066934
1217 1 0.075092
1216 2 0.121794
1215 4 0.172686
1214 4 0.152063
1213 4 0.168307
1212 2 0.181828
1211 4 0.192726
1210 6 0.308467
1209 1 0.20068
1208 2 0.371792
1207 4 0.454101
1206 1 0.40619
1205 2 0.508329
1204 1 0.462913
1203 6 0.586731
1202 2 0.766509
1201 4 0.789763
1130 0 0.005204
1129 4 0.003182
1128 2 0.002953
1127 4 0.003446
1126 0 0.002097
1125 0 0.004801
1124 0 0.01262
1123 4 0.034966
1122 2 0.024182
1121 4 0.053641
1120 0 0.033198
1119 6 0.090474
1118 0 0.048818
1117 0 0.08188
1116 2 0.090263
1115 4 0.169392
1114 2 0.173118
1113 4 0.178035
1112 0 0.228837
1111 0 0.257191
1110 0 0.210174
1109 4 0.229099
1108 0 0.331151
1107 2 0.26624
1106 2 0.49127
1105 0 0.317488
1104 6 0.583803
1103 4 0.734614
1102 6 0.582604
1101 0 0.590537
1030 6 0.005257
1029 4 0.003573
1028 4 0.006856
1027 6 0.003352
1026 1 0.002118
1025 4 0.00485
1024 0 0.012748
1023 0 0.004613
1022 0 0.015849
1021 1 0.005312
1020 0 0.033533
1019 6 0.067393
1018 1 0.049311
1017 4 0.082707
1016 1 0.076453
1015 0 0.127518
1014 0 0.116612
1013 6 0.184082
1012 4 0.231148
1011 4 0.259789
1010 1 0.212297
1009 0 0.248264
1008 0 0.334496
1007 1 0.276203
1006 2 0.391781
1005 0 0.320694
1004 4 0.676066
1003 1 0.507161
1002 1 0.652075
1001 6 0.596502
0930 0 0.0
0929 0 0.000453
0928 0 0.0
0927 2 0.000393
0926 4 0.005574
0925 2 0.006976
0924 6 0.012877
0923 4 0.004659
0922 4 0.016009
0921 0 0.007224
0920 4 0.033872
0919 0 0.005739
0918 6 0.079105
0917 2 0.08324
0916 4 0.106485
0915 6 0.128806
0914 0 0.11779
0913 2 0.116348
0912 4 0.269887
0911 4 0.252527
0910 1 0.190811
0909 4 0.250772
0908 6 0.337875
0907 4 0.38524
0906 4 0.411642
0905 1 0.323934
0904 1 0.43908
0903 1 0.512821
0902 4 0.769163
0901 2 0.930037
0830 0 0.0
0829 6 0.000457
0828 0 0.0
0827 0 0.0
0826 0 0.0
0825 4 0.000786
0824 0 0.0
0823 6 0.013353
0822 2 0.011149
0821 2 0.007297
0820 0 0.022074
0819 1 0.005797
0818 0 0.024527
0817 6 0.09287
0816 0 0.051948
0815 4 0.119052
0814 2 0.11898
0813 0 0.120842
0812 0 0.160445
0811 1 0.138987
0810 1 0.20268
0809 0 0.29369
0808 4 0.431627
0807 0 0.370238
0806 4 0.422041
0805 0 0.33615
0804 6 0.583127
0803 6 0.579367
0802 0 0.568373
0801 1 0.900184
0730 0 0.0
0729 0 0.0
0728 0 0.0
0727 0 0.0
0726 0 0.0
0725 0 0.0
0724 0 0.0
0723 1 0.001524
0722 0 0.0
0721 2 0.001058
0720 6 0.022297
0719 6 0.013377
0718 2 0.024775
0717 4 0.033108
0716 4 0.052473
0715 1 0.035322
0714 2 0.081385
0713 6 0.122063
0712 4 0.162066
0711 4 0.202331
0710 1 0.23828
0709 1 0.296656
0708 1 0.318856
0707 1 0.373978
0706 2 0.376717
0705 0 0.339546
0704 4 0.662547
0703 1 0.58735
0702 6 0.574114
0701 4 0.789958
0630 0 0.0
0629 0 0.0
0628 0 0.0
0627 0 0.0
0626 0 0.0
0625 0 0.0
0624 0 0.0
0623 0 0.0
0622 6 0.002539
0621 0 0.0
0620 4 0.004232
0619 0 0.0
0618 0 0.0
0617 4 0.099099
0616 4 0.050572
0615 0 0.0
0614 4 0.057965
0613 0 0.196216
0612 2 0.068441
0611 1 0.126087
0610 0 0.098498
0609 6 0.301709
0608 0 0.382004
0607 4 0.406874
0606 6 0.463875
0605 6 0.541135
0604 1 0.419199
0603 0 0.564423
0602 2 0.763691
0601 6 0.593464
0530 0 0.0
0529 0 0.0
0528 0 0.0
0527 0 0.0
0526 0 0.0
0525 0 0.0
0524 0 0.0
0523 0 0.0
0522 0 0.0
0521 0 0.0
0520 0 0.0
0519 0 0.0
0518 0 0.0
0517 0 0.0
0516 6 0.008464
0515 0 0.0
0514 4 0.003813
0513 4 0.198198
0512 4 0.093472
0511 1 0.06399
0510 2 0.099493
0509 2 0.23217
0508 4 0.385863
0507 2 0.404266
0506 4 0.407422
0505 6 0.476253
0504 6 0.578633
0503 2 0.570124
0502 1 0.574016
0501 2 0.869289
0430 0 0.0
0429 0 0.0
0428 0 0.0
0427 0 0.0
0426 0 0.0
0425 0 0.0
0424 0 0.0
0423 0 0.0
0422 0 0.0
0421 0 0.0
0420 0 0.0
0419 0 0.0
0418 0 0.0
0417 0 0.0
0416 0 0.0
0415 0 0.0
0414 0 0.0
0413 0 0.0
0412 0 0.033858
0411 4 0.022219
0410 0 0.0
0409 6 0.359735
0408 1 0.16465
0407 2 0.320445
0406 6 0.47015
0405 0 0.542829
0404 0 0.572653
0403 2 0.715764
0402 0 0.581934
0401 6 0.596445
0330 0 0.0
0329 0 0.0
0328 0 0.0
0327 0 0.0
0326 0 0.0
0325 0 0.0
0324 0 0.0
0323 0 0.0
0322 0 0.0
0321 0 0.0
0320 0 0.0
0319 0 0.0
0318 0 0.0
0317 0 0.0
0316 0 0.0
0315 0 0.0
0314 0 0.0
0313 0 0.0
0312 1 0.0342
0311 6 0.148125
0310 0 0.0
0309 4 0.246875
0308 2 0.183125
0307 0 0.0
0306 6 0.463938
0305 6 0.548312
0304 6 0.578438
0303 0 0.701044
0302 0 0.587812
0301 2 0.9289
0230 0 0.0
0229 0 0.0
0228 0 0.0
0227 0 0.0
0226 0 0.0
0225 0 0.0
0224 0 0.0
0223 0 0.0
0222 0 0.0
0221 0 0.0
0220 0 0.0
0219 0 0.0
0218 0 0.0
0217 0 0.0
0216 0 0.0
0215 0 0.0
0214 0 0.0
0213 0 0.0
0212 6 0.09
0211 0 0.0
0210 0 0.0
0209 0 0.0
0208 0 0.0
0207 0 0.0
0206 2 0.31
0205 6 0.49375
0204 4 0.56875
0203 4 0.708125
0202 2 0.59375
0201 1 0.8945
0130 0 0.0
0129 0 0.0
0128 0 0.0
0127 0 0.0
0126 0 0.0
0125 0 0.0
0124 0 0.0
0123 0 0.0
0122 0 0.0
0121 0 0.0
0120 0 0.0
0119 0 0.0
0118 0 0.0
0117 0 0.0
0116 0 0.0
0115 0 0.0
0114 0 0.0
0113 0 0.0
0112 0 0.0
0111 0 0.0
0110 0 0.0
0109 0 0.0
0108 0 0.0
0107 0 0.0
0106 6 0.3
0105 0 0.0
0104 4 0.5
0103 0 0.0
0102 0 0.0
0101 4 0.775
