0.409203 3
0.422288 3
0.505189 3
0.524381 3
0.596283 3
0.639052 3
0.724194 0
0.765138 3
0.847254 0
0.953657 1
0.384098 3
0.410657 3
0.502713 3
0.516686 3
0.595190 3
0.608416 3
0.731509 0
0.760660 3
0.855812 2
0.930677 1
0.374025 1
0.409456 1
0.443988 1
0.482083 1
0.549070 1
0.583439 1
0.738898 3
0.748685 3
0.857046 2
0.870204 2
0.408620 3
0.455890 3
0.493157 3
0.538795 3
0.580231 3
0.666261 3
0.701603 0
0.780833 2
0.821760 0
0.966965 1
0.411292 3
0.449290 3
0.497678 3
0.533396 3
0.585871 3
0.662275 3
0.708690 0
0.775303 2
0.830060 0
0.965697 1
0.411911 3
0.437317 3
0.501557 3
0.529089 3
0.591198 3
0.654534 3
0.715849 0
0.767919 3
0.838445 0
0.962360 1
0.406107 3
0.417686 3
0.503659 3
0.522464 3
0.595494 3
0.638260 3
0.723079 0
0.765004 3
0.846914 0
0.953580 1
0.375533 3
0.396580 3
0.499763 3
0.511300 3
0.593123 3
0.606183 3
0.730383 0
0.760318 3
0.855469 2
0.930473 1
0.354079 1
0.381585 1
0.430301 1
0.455701 1
0.539404 1
0.567888 1
0.737761 3
0.747297 3
0.855578 2
0.869666 2
0.374369 3
0.441059 3
0.469958 3
0.529148 3
0.557729 3
0.661374 3
0.690199 3
0.774384 2
0.810228 2
0.966434 1
0.356881 3
0.418011 3
0.459202 3
0.518290 3
0.547373 3
0.651384 3
0.687009 3
0.767055 3
0.806703 2
0.964299 1
0.344095 4
0.386887 4
0.438687 3
0.496321 3
0.527022 3
0.628028 3
0.679825 3
0.761973 3
0.798346 2
0.958682 1
0.323375 4
0.358000 4
0.402406 4
0.472344 4
0.515281 4
0.575328 3
0.663687 3
0.750516 3
0.781281 2
0.943900 1
0.240000 4
0.270000 4
0.355000 4
0.395000 4
0.496250 4
0.508750 4
0.624375 3
0.724375 3
0.761875 3
0.905000 2
0.000000 0
0.000000 0
0.000000 0
0.000000 0
0.300000 4
0.300000 4
0.550000 4
0.650000 3
0.725000 3
0.775000 3
0.248884 5
0.291746 5
0.306145 5
0.349543 5
0.363348 5
0.437768 5
0.453941 5
0.513031 5
0.546406 5
0.619352 5
0.253034 5
0.275276 5
0.299700 5
0.336925 5
0.360512 5
0.435874 5
0.449851 5
0.512270 5
0.526405 5
0.651604 5
0.265300 5
0.290082 5
0.317116 5
0.349397 5
0.377926 5
0.423432 5
0.450916 5
0.509008 5
0.533542 5
0.737612 5
0.264450 5
0.298847 5
0.317662 5
0.352486 5
0.392930 5
0.427571 5
0.462891 5
0.500841 5
0.576522 5
0.601019 5
0.255910 5
0.299247 5
0.313702 5
0.354092 5
0.385539 5
0.431500 5
0.459073 5
0.505515 5
0.571694 5
0.602717 5
0.245111 5
0.296436 5
0.307450 5
0.353048 5
0.373571 5
0.434818 5
0.456275 5
0.509594 5
0.562156 5
0.607246 5
0.235943 5
0.286837 5
0.297404 5
0.345966 5
0.357929 5
0.436435 5
0.451729 5
0.512004 5
0.545504 5
0.619324 5
0.232602 5
0.265135 5
0.281777 5
0.329452 5
0.348293 5
0.433442 5
0.444293 5
0.509874 5
0.524204 5
0.651530 5
0.238688 5
0.276725 5
0.295705 5
0.339134 5
0.360894 5
0.418086 5
0.437484 5
0.504086 5
0.528210 5
0.737413 5
0.235378 5
0.262132 5
0.296874 5
0.318589 5
0.375210 5
0.404654 5
0.453521 5
0.476424 5
0.569847 5
0.598331 5
0.209665 5
0.239817 5
0.273374 5
0.302197 5
0.349177 5
0.392068 5
0.442335 5
0.463762 5
0.555292 5
0.595551 5
0.172219 5
0.200824 5
0.232676 5
0.278836 5
0.303111 5
0.365689 5
0.417586 5
0.438352 5
0.522097 5
0.588135 5
0.101250 5
0.133125 5
0.148125 5
0.228281 5
0.232969 5
0.311484 5
0.363047 5
0.387656 5
0.448359 5
0.568359 5
0.000000 0
0.000000 0
0.000000 0
0.112500 5
0.112500 5
0.206250 5
0.243750 5
0.271875 5
0.290625 5
0.515625 5
0.000000 0
0.000000 0
0.000000 0
0.000000 0
0.000000 0
0.000000 0
0.000000 0
0.000000 0
0.000000 0
0.375000 5
0.000000 0
0.000000 0
