epsilon greedy:
[89.28000000000196, 143.46000000000052, 251.81999999997961, 463.19999999995593, 853.6200000002328, 1623.72000000097, 3175.3799999970606, 6297.39999998514, 12521.98000004422]

UCB:
[227.19999999999436, 345.03999999998274, 489.6399999999617, 653.4200000001202, 825.6400000004927, 1008.5400000012378, 1184.9000000027277, 1359.9600000057085, 1495.0400000116688]

 KL_UCB:
 [91.02000000000234, 116.98000000000391, 139.73999999999526, 158.35999999995616, 179.13999999986987,
  197.05999999970004, 205.55999999935145, 229.0399999986769, 250.51999999739226]
final[91.78000000000239, 115.20000000000385, 137.41999999999643, 158.57999999995926, 177.17999999987333, 199.03999999970182, 217.27999999935645, 246.3999999986674, 243.89999999739783]

Thompson:
[50.1000000000016, 56.16000000000384, 63.08000000000847, 70.70000000001782, 76.96000000003797, 87.28000000006638, 91.50000000006553, 98.9999999999506, 87.09999999965721]

task 2:
[74.68000000000005, 77.42000000000002, 75.13999999999999, 85.55999999999993, 131.4999999999996, 265.59999999999957, 503.6599999999997]

task 3:
[63.83999999999924, 124.31999999998254, 161.39999999999355, 183.099999999972, 249.08000000011216, 336.3600000001861]






